%YAML:1.0

#--------------------------------------------------------------------------------------------
# System config
#--------------------------------------------------------------------------------------------

# When the variables are commented, the system doesn't load a previous session or not store the current one

# If the LoadFile doesn't exist, the system give a message and create a new Atlas from scratch
#System.LoadAtlasFromFile: "Session_MH01_MH02_MH03_Stereo60_Pseudo"

# The store file is created from the current session, if a file with the same name exists it is deleted
#System.SaveAtlasToFile: "Session_MH01_MH02_MH03_Stereo60_Pseudo"

#--------------------------------------------------------------------------------------------
# Camera Parameters. Adjust them!
#--------------------------------------------------------------------------------------------
File.version: "1.0"

Camera.type: "PinHole"

# Camera calibration and distortion parameters (OpenCV) 
Camera1.fx: 363.962677002
Camera1.fy: 363.962677002
Camera1.cx: 485.493408203
Camera1.cy: 281.713623047

Camera1.k1: 0.0
Camera1.k2: 0.0
Camera1.p1: 0.0
Camera1.p2: 0.0

Camera2.fx: 363.962677002
Camera2.fy: 363.962677002
Camera2.cx: 485.493408203
Camera2.cy: 281.713623047

Camera2.k1: 0.0
Camera2.k2: 0.0
Camera2.p1: 0.0
Camera2.p2: 0.0

Camera.width: 960
Camera.height: 540

# Camera frames per second 
Camera.fps: 24

# Color order of the images (0: BGR, 1: RGB. It is ignored if images are grayscale)
Camera.RGB: 1

# Close/Far threshold. Baseline times.
Stereo.ThDepth: 60.0
Stereo.T_c1_c2: !!opencv-matrix
  rows: 4
  cols: 4
  dt: f
  data: [1.0, 0.0, 0.0, 0.120020023,
         0.0, 1.0, 0.0, 0.0,
         0.0, 0.0, 1.0, 0.0,
         0,0,0,1.0]

# Transformation from camera 0 to body-frame (imu)
IMU.T_b_c1: !!opencv-matrix
  rows: 4
  cols: 4
  dt: f
  data: [-0.00129189998, -0.00000450982397, 0.999999131, 0.0000460556183,
         -0.999974894, -0.00697400019, -0.00129189998, 0.0356491402,
         0.00697400019, -0.999975663, 0.00000450982397, -0.000101619780,
         0.0, 0.0, 0.0, 1.0]

#ROS Convention Tcb
  # data: [0.9999992, -0.0012919,  0.0000045, 0.0,
  #        0.0012919,  0.9999748, -0.0069740, -0.03564900532364845,
  #        0.0000045,  0.0069740,  0.9999757, -0.00014700002793688327,
  #        0.0, 0.0, 0.0, 1.0]

# IMU noise
IMU.NoiseGyro: 0.0027596079 # 1.7e-04 # 1.6968e-04
IMU.NoiseAcc: 0.0050596443 #2.0e-03 # 2.0000e-3
IMU.GyroWalk: 0.0000110384 #1.9393e-05
IMU.AccWalk: 0.0000202386 #3.e-03 # 3.0000e-3
IMU.Frequency: 250.0

#--------------------------------------------------------------------------------------------
# ORB Parameters
#--------------------------------------------------------------------------------------------

# ORB Extractor: Number of features per image
ORBextractor.nFeatures: 1200

# ORB Extractor: Scale factor between levels in the scale pyramid 	
ORBextractor.scaleFactor: 1.2

# ORB Extractor: Number of levels in the scale pyramid	
ORBextractor.nLevels: 8

# ORB Extractor: Fast threshold
# Image is divided in a grid. At each cell FAST are extracted imposing a minimum response.
# Firstly we impose iniThFAST. If no corners are detected we impose a lower value minThFAST
# You can lower these values if your images have low contrast			
ORBextractor.iniThFAST: 20
ORBextractor.minThFAST: 7

#--------------------------------------------------------------------------------------------
# Viewer Parameters
#--------------------------------------------------------------------------------------------
Viewer.KeyFrameSize: 0.05
Viewer.KeyFrameLineWidth: 1.0
Viewer.GraphLineWidth: 0.9
Viewer.PointSize: 2.0
Viewer.CameraSize: 0.08
Viewer.CameraLineWidth: 3.0
Viewer.ViewpointX: 0.0
Viewer.ViewpointY: -0.7
Viewer.ViewpointZ: -1.8
Viewer.ViewpointF: 500.0
Viewer.imageViewScale: 1.0

